timestamp,x,y,z
1570179986838339.0,0.22285441579636045,0.6725751268989405,0.5110202943094162
1570179986862276.0,0.2224627932500322,0.6731899821651313,0.510703187775073
1570179986877242.0,0.2218171082185086,0.674811746458165,0.5108023236742271
1570179986898343.0,0.221230717209402,0.6760734600344346,0.5108628157255972
1570179986922227.0,0.22055542059518987,0.6773708226675593,0.5111664518221809
1570179986937336.0,0.21997299443910454,0.678336332643388,0.5115135674251844
1570179986999025.0,0.219377879661408,0.6792416611668679,0.5120133136561255
1570179986999025.0,0.2188729373363406,0.6799373875904903,0.5125229334526137
1570179987000915.0,0.21838453556527718,0.6805979943636018,0.5131369450422947
1570179987014875.0,0.21799442967158758,0.6810978541890275,0.5137578979736065
1570179987033903.0,0.21763998583294802,0.6815616358779925,0.5144645618748748
1570179987049785.0,0.21736091824134363,0.6818918065546486,0.5151733360742746
1570179987073720.0,0.21709024190776857,0.6821923365608321,0.5159472841748401
1570179987101683.0,0.21685243905827775,0.682379298582615,0.5167240982471213
1570179987111611.0,0.21658420384747934,0.6825348713314038,0.5175629063819063
1570179987131675.0,0.2163080531159041,0.682584690298513,0.5184079806867621
1570179987154498.0,0.21599263591130946,0.6825988245841129,0.5193074821276501
1570179987168510.0,0.21568434068609468,0.6825098435198883,0.5202044952311048
1570179987190398.0,0.21536562004271287,0.6823900732882245,0.5211236062251337
1570179987213768.0,0.21506470092230023,0.6821938220997497,0.5220002782523961
1570179987228490.0,0.21475773350876237,0.6819968137689373,0.5228550285634417
1570179987251301.0,0.2144726365827128,0.681763047811139,0.5236409127068518
1570179987273183.0,0.21419901245687475,0.6815641309049822,0.5243858841246456
1570179987288145.0,0.21396327155155828,0.681359181180012,0.5250529940539678
1570179987311077.0,0.21375035848757262,0.6811940377641387,0.5256741619381092
1570179987333024.0,0.21357835750013202,0.6810076244584663,0.5262235005715626
1570179987347986.0,0.21341826630403898,0.6808406047568971,0.5267362195844754
1570179987371126.0,0.213268971738127,0.6806617611239889,0.52720109784866
1570179987393857.0,0.2131153970881095,0.680522109380594,0.5276517877496432
1570179987408322.0,0.21296814237444625,0.6803797192666622,0.5280620248112853
1570179987430890.0,0.21281562858761446,0.6802667009574547,0.5284582931514753
1570179987453945.0,0.21267116327041324,0.6801373556654005,0.5288281882734991
1570179987468655.0,0.21252356648165927,0.6800275308480058,0.5291843194008544
1570179987490950.0,0.2123816022644455,0.6799147317505896,0.5294941812830223
1570179987513747.0,0.2122451215776583,0.6798380613015738,0.5297768586430406
1570179987528639.0,0.2121282998745561,0.6797601657862294,0.5300161761306073
1570179987550436.0,0.2120191527154625,0.6797145654112862,0.5302340055154882
1570179987573423.0,0.21191782880887938,0.6796675344909421,0.5304277314265237
1570179987588344.0,0.21181467496018802,0.6796387942923386,0.5306190032606016
1570179987610277.0,0.21171636769816188,0.6795968342028466,0.5307906055288857
1570179987633268.0,0.21162603342520117,0.6795757404266629,0.5309541590402248
1570179987648183.0,0.21154872906012953,0.679546415103057,0.5310962306966939
1570179987671114.0,0.2114808824403011,0.6795256675878807,0.5312261459400058
1570179987693064.0,0.21142138966676935,0.6794894128883295,0.5313236104802841
1570179987708015.0,0.21135342479338076,0.6794760704902785,0.5314111431879813
1570179987731003.0,0.21128392751125982,0.6794624646135445,0.5314931445053572
1570179987753284.0,0.21122692492004025,0.6794650599031908,0.5315848252294233
1570179987768855.0,0.2111817977652358,0.6794439000118936,0.5316817122737895
1570179987790799.0,0.21113667406881687,0.6794210337304613,0.5317951852596281
1570179987813786.0,0.2110915648263951,0.6793799670352659,0.5319046593878337
1570179987829693.0,0.2110357109603327,0.6793404884180781,0.5320150873760202
1570179987851205.0,0.21096268491381923,0.6792770406750158,0.5321243375733634
1570179987873572.0,0.2108897634677398,0.6792060900774947,0.5322472314733462
1570179987888532.0,0.21082743024438202,0.679103208269559,0.5323727831352386
1570179987910808.0,0.21076793882813438,0.6789993981850437,0.5325180160109468
1570179987933413.0,0.21071694573339023,0.678879756720987,0.5326767923409726
1570179987948372.0,0.2106880084745474,0.6787725215717598,0.5328462006343081
1570179987971313.0,0.21067701917323858,0.6786573425571635,0.533011253506061
1570179987993529.0,0.21067298151741537,0.6785487521091752,0.5331738796984568
1570179988008216.0,0.2106691302724984,0.6784298883118657,0.5333279796262471
1570179988031151.0,0.2106724162489539,0.6783283334390148,0.5334878172786656
1570179988053299.0,0.2106798543258961,0.6782257911450965,0.5336471067131644
1570179988068140.0,0.2106847900238872,0.6781426427028168,0.5338060225950829
1570179988090992.0,0.2106821616864453,0.6780563993512901,0.5339499590926797
1570179988113181.0,0.21067781498697322,0.6779810160486044,0.5340852821377432
1570179988130889.0,0.21066957726881116,0.6778967060837676,0.5342033260275068
1570179988150880.0,0.21065881331712408,0.6778232080078725,0.5343051363588344
1570179988173857.0,0.21064847783631818,0.677740841389936,0.5343869269320694
1570179988191189.0,0.21064975700450506,0.677668784956055,0.5344591326736111
1570179988210858.0,0.21066113379115292,0.6775936575390293,0.5345124939654059
1570179988233615.0,0.21068443593397596,0.6775335026597563,0.5345436499132432
1570179988251565.0,0.21071409472348196,0.6774686921131954,0.534545055266327
1570179988270513.0,0.21074989619860052,0.6774143326015919,0.534528480238728
1570179988293459.0,0.21078373062991168,0.6773520587520792,0.5345030951495967
1570179988311554.0,0.21081771836496274,0.6773018366936637,0.5344835053367601
1570179988330403.0,0.21084344471393576,0.6772497818275457,0.5344686703506876
1570179988353300.0,0.21085670678867652,0.6772089620991417,0.5344618994694497
1570179988371339.0,0.21085581453306282,0.6771603840200983,0.5344555582661386
1570179988392189.0,0.2108628633753732,0.6771215487395575,0.5344680854224632
1570179988413135.0,0.2108872608727321,0.6770696797796149,0.5345083201332835
1570179988431085.0,0.2109266098115824,0.6770095865846633,0.534568917526941
1570179988452032.0,0.21096085590042823,0.6769252741452262,0.5346370801225488
1570179988481226.0,0.21099501000597598,0.6768418304882677,0.5347198380223875
1570179988491050.0,0.2110305274558215,0.6767550472428879,0.5348091082593034
1570179988511916.0,0.211072532346252,0.6766873447659704,0.534895835517503
1570179988540901.0,0.21111864156122603,0.6766245038614841,0.5349634163654731
1570179988550764.0,0.21118444303780184,0.6765804384624753,0.5350063701728293
1570179988571706.0,0.2112732726801277,0.6765393182950385,0.5350252861456034
1570179988595642.0,0.21138600678547953,0.676509037279244,0.5350323077646802
1570179988611601.0,0.21150295009044434,0.6764688812737988,0.5350242636212121
1570179988632545.0,0.21161877083786199,0.6764386468301608,0.535006813165814
1570179988653489.0,0.21172426431528918,0.6764117684505434,0.5349850658844912
1570179988671439.0,0.21182800484727698,0.6764020764685189,0.5349626825109602
1570179988692383.0,0.21193334203818373,0.6763897946418516,0.5349314474262717
1570179988713327.0,0.21205304360390545,0.6763847511035785,0.5348975540650239
1570179988731283.0,0.2121705859939475,0.6763787415271412,0.5348619431427651
1570179988760206.0,0.2122836656705708,0.6763929242780162,0.5348233266781527
1570179988773386.0,0.21238849607392013,0.6764088620374041,0.5347873956199235
1570179988791312.0,0.21248128152069123,0.6764295561791615,0.5347727822755389
1570179988814061.0,0.21255104355680804,0.6764314506711616,0.5347784715219697
1570179988833009.0,0.21261577031253207,0.6764192247375977,0.5347946447321276
1570179988850960.0,0.21268388494597676,0.6763843103131194,0.5348113672807437
1570179988880881.0,0.21277064136267473,0.6763526277442296,0.534829061855567
1570179988892851.0,0.2128654583947933,0.6763168542232383,0.5348329898024275
1570179988910880.0,0.21296268775451185,0.6762956767980967,0.5348170777014114
1570179988940721.0,0.2130525796584347,0.6762826445642022,0.5347953294325896
1570179988952868.0,0.2131483392524398,0.676287074037653,0.5347815462800933
1570179988971072.0,0.2132461438574452,0.6762881251423827,0.5347628304161726
1570179988993581.0,0.21334746314695302,0.6762892314234306,0.5347321094940028
1570179989013524.0,0.2134386390226275,0.6762748697845286,0.5346894757033732
1570179989031597.0,0.2135305707475744,0.6762699142663962,0.5346469031026458
1570179989053419.0,0.2136246025321492,0.6762656244441656,0.5346095196925768
1570179989073379.0,0.21372179537282027,0.6762662897616124,0.5345818825590596
1570179989091317.0,0.21380453161306337,0.6762578783344038,0.5345706968885481
1570179989113289.0,0.21386971293046195,0.6762534780046129,0.5345779102204948
1570179989134256.0,0.2139116067061473,0.6762503062972443,0.534591569583314
1570179989150291.0,0.21394308352371924,0.6762683546034606,0.5346038575098955
1570179989173216.0,0.21395777322001938,0.6762848935432667,0.5346118806406353
1570179989194472.0,0.213966336805111,0.6762986061331946,0.5346226872743914
1570179989217474.0,0.21396990912179153,0.6762855299444005,0.5346371101015893
1570179989232575.0,0.21397824762119408,0.6762560353072307,0.5346587631409059
1570179989254536.0,0.2139876860231615,0.6762116905506308,0.5346953414832518
1570179989278214.0,0.21401333728118757,0.6761661904970331,0.5347535797051882
1570179989292687.0,0.21404937876102514,0.6760980042716289,0.534818986346664
1570179989314367.0,0.21409904232028798,0.6760203424342172,0.5348833099958312
1570179989330362.0,0.21415923066740652,0.6759274851008679,0.534948322287011
1570179989353291.0,0.21423537373353324,0.6758353176704047,0.5350132289710132
1570179989374509.0,0.2143130838473062,0.6757347916996063,0.5350673029260512
1570179989390552.0,0.21439511086433413,0.6756469424147453,0.5351123614664731
1570179989412694.0,0.21447217730435386,0.6755691503109007,0.5351584033067106
1570179989433665.0,0.21454530962467613,0.6755085637753261,0.5352116605900641
1570179989450660.0,0.21460010102842864,0.6754454727074753,0.5352695599552424
1570179989473208.0,0.21464590724443644,0.6753887763788157,0.5353345818247189
1570179989494439.0,0.2146773437707346,0.6753269252027735,0.5354095543811389
1570179989510112.0,0.21469098388460878,0.6752746061948904,0.5354953879378913
1570179989533049.0,0.21468072141176836,0.6752235534712687,0.5355800582500182
1570179989554199.0,0.2146660422439599,0.6751829212170107,0.5356580107416636
1570179989570086.0,0.21464593232474172,0.6751362480573713,0.5357371761469353
1570179989592889.0,0.2146247401839312,0.6750909006024904,0.5358207740208495
1570179989613875.0,0.21459340383597167,0.6750316907693253,0.5358930576906035
1570179989630151.0,0.21456455534225727,0.6749715029550778,0.5359508393296999
1570179989653163.0,0.21453890425451483,0.674899729877698,0.5360093539981181
1570179989674739.0,0.21452705191533464,0.6748224647789182,0.5360812773674606
1570179989690627.0,0.21451907709709764,0.6747305174649796,0.5361570433757632
1570179989712661.0,0.2145118937352499,0.674644424962119,0.5362288778480812
1570179989735507.0,0.21448866287835375,0.6745547404954368,0.5363005692013786
1570179989750467.0,0.21445439392286053,0.6744713607715155,0.536383484221245
1570179989772407.0,0.21440419586625814,0.6743851507992779,0.5364797925403855
1570179989795712.0,0.2143431791430148,0.674308972298808,0.5365854511609478
1570179989810430.0,0.21426464811832502,0.6742306550437625,0.5367005154611679
1570179989832286.0,0.2141853149687738,0.6741533349118551,0.5368325673351868
1570179989855262.0,0.21410584762411805,0.6740608754621014,0.5369801898090569
1570179989869184.0,0.21403433133006552,0.6739704260932479,0.5371390037322819
1570179989893118.0,0.21396510149205003,0.6738732199318856,0.5373049691328917
1570179989915210.0,0.2139098764892127,0.6737768988748087,0.5374810724338968
1570179989936106.0,0.21386124998603803,0.6736695535226229,0.5376758615305174
1570179989953018.0,0.21381748004321938,0.6735590517796813,0.5378907287133764
1570179989974942.0,0.21377059733106488,0.6734350772065624,0.53811457134681
1570179989989877.0,0.21373349862192728,0.6733172682636005,0.5383345425111385
1570179990012801.0,0.2136939851895053,0.673204487322746,0.5385388490504952
1570179990035839.0,0.2136568672116747,0.6731192089299236,0.5387223364617467
1570179990049699.0,0.21361629113525485,0.6730597828975845,0.5388789411826601
1570179990072638.0,0.21358325541665205,0.673033949341747,0.5390114813210773
1570179990095578.0,0.2135556796344886,0.6730188939266397,0.5391276814820725
1570179990110540.0,0.21353682545507605,0.6730160611122576,0.5392319146638473
1570179990133143.0,0.21352141533728178,0.6730158031848542,0.5393269835069753
1570179990155428.0,0.21352668851456225,0.6730279852576929,0.5394112813467319
1570179990176415.0,0.21354219741314048,0.6730432479675088,0.5394746132004713
1570179990193427.0,0.21357286348687268,0.6730735588845003,0.5395191517356366
1570179990215259.0,0.21361119431826886,0.6731013033590084,0.539549528745166
1570179990236204.0,0.21365469190308062,0.6731286117996814,0.539560881624824
1570179990253156.0,0.21368901552529102,0.6731501914674181,0.539549615708762
1570179990275184.0,0.21372534846473354,0.6731882210084337,0.5395179043721129
1570179990296047.0,0.21376100834092035,0.6732409739256495,0.5394716710757597
1570179990312995.0,0.21380473663721805,0.6733168594648997,0.5394234707455453
1570179990334942.0,0.21383739445371533,0.6733977659411912,0.5393835036060957
1570179990356287.0,0.21385798899745231,0.6734872083836564,0.5393565601717473
1570179990373105.0,0.21386314410857324,0.6735692135402673,0.5393423605264567
1570179990395774.0,0.21387009899811027,0.673652274102372,0.5393375834207317
1570179990416723.0,0.2138764753652795,0.6737292258707309,0.5393435441289701
1570179990432677.0,0.21389111330211333,0.673807569809765,0.5393589025199027
1570179990455614.0,0.21390673058115678,0.6738695209925867,0.5393797825648877
1570179990476567.0,0.2139400844838883,0.6739185326519238,0.5394159843920996
1570179990492563.0,0.2139922954448165,0.6739454040105267,0.5394743428896689
1570179990515459.0,0.21406977928808574,0.67396329741016,0.5395440248535857
1570179990536817.0,0.21415727050880043,0.6739632004507962,0.539613708472755
1570179990553355.0,0.21425436016695001,0.6739567317766414,0.5396817570828264
1570179990575511.0,0.21434292422565118,0.6739367026510704,0.5397513426412996
1570179990604249.0,0.2144279422306556,0.6739162220527621,0.5398251347403633
1570179990613193.0,0.21450752177841745,0.673888702043215,0.5399024973148295
1570179990635222.0,0.2145929145022847,0.6738645195307401,0.5399856178557462
1570179990658073.0,0.2146707054896836,0.6738336645790896,0.5400768312583913
1570179990673034.0,0.21474485408829574,0.6738049848476999,0.5401691898122969
1570179990694973.0,0.2148081224287568,0.6737678521010081,0.5402592902736251
1570179990717943.0,0.21487771619288284,0.6737325156783489,0.5403488187873335
1570179990731875.0,0.21495199150545494,0.6736869155222774,0.540440186987235
1570179990754813.0,0.21503720396781453,0.6736405604203147,0.5405336115397449
1570179990777753.0,0.21511898476815144,0.6735871174283306,0.5406325111927146
1570179990792720.0,0.21520297277111336,0.673535070730729,0.5407424318727503
1570179990815652.0,0.21528405609477402,0.6734676968685619,0.5408587265811451
1570179990837797.0,0.2153762488802518,0.6733988268508461,0.5409792416232682
1570179990852553.0,0.21547017370968974,0.6733302961069189,0.541101343999992
1570179990875578.0,0.2155723015719512,0.6732766816005121,0.5412170840157876
1570179990897604.0,0.2156714475207743,0.6732225184865626,0.5413194675760779
1570179990912393.0,0.21577510351582063,0.67316778002665,0.5414017853341443
1570179990935333.0,0.2158809176722238,0.6730988471706095,0.5414756869728021
1570179990958274.0,0.2160100853203439,0.673030296098674,0.5415513181564306
1570179990972235.0,0.21615637217423359,0.6729563394829801,0.5416235923470103
1570179990995173.0,0.2163156923066308,0.6728842448678714,0.5416866128514148
1570179991018110.0,0.21646474389515782,0.6728023616445936,0.5417390387158559
1570179991039059.0,0.21660909801285064,0.6727300343052001,0.5417854348506458
1570179991055012.0,0.21673922191402864,0.6726666662524882,0.5418307852497768
1570179991077950.0,0.21686495466952463,0.6726224764035241,0.5418724408564075
1570179991091912.0,0.21698557779579472,0.6725830907771716,0.5419023268039793
1570179991114947.0,0.21712110638884277,0.6725458489273983,0.5419208475970761
1570179991137792.0,0.21726698011239748,0.6724903678395853,0.5419454441369461
1570179991160729.0,0.21742590953307211,0.6724287757523584,0.5419782426441093
1570179991182671.0,0.21758019974149775,0.6723602284911637,0.5420131774135168
1570179991197633.0,0.2177428081368216,0.6723026083615674,0.5420517377133642
1570179991218579.0,0.2179100117971821,0.6722490423517643,0.542091366255826
1570179991235533.0,0.21808485288321733,0.6722087890711154,0.5421223985350501
1570179991257566.0,0.2182602949677639,0.6721743124697767,0.542145897084007
1570179991278416.0,0.2184542828117536,0.6721566756494662,0.5421713864972418
1570179991295368.0,0.21864887829418536,0.6721390054110727,0.5422060248395365
1570179991317494.0,0.21884449703110534,0.6721268790008486,0.542243667722174
1570179991339266.0,0.21903375026084235,0.6721094136687135,0.5422687542795908
1570179991355208.0,0.21922739391566115,0.6720921812288653,0.5422740911706472
1570179991385309.0,0.21941894422356398,0.6720677074412488,0.5422708595730832
1570179991399092.0,0.2196250011261017,0.6720519326061184,0.5422626059588206
1570179991415049.0,0.21983810398394898,0.6720356900590707,0.5422586111731066
1570179991438232.0,0.22006847320058986,0.6720286782793973,0.5422722596449147
1570179991458934.0,0.2203084112145119,0.6720202343407544,0.5422970401642312
1570179991474889.0,0.22056540982106268,0.6720179544535186,0.5423133842909126
1570179991497828.0,0.22082373511077233,0.6720158491436513,0.5423174547997683
1570179991518776.0,0.2210883311298675,0.672022097422802,0.5423226830141704
1570179991535727.0,0.22135228239842253,0.6720203901011164,0.5423392945024282
1570179991557667.0,0.22163477724356637,0.6720248749370688,0.5423622451282956
1570179991580612.0,0.2219286409449436,0.6720281185798506,0.542392418106847
1570179991595572.0,0.22223870139431987,0.6720330863685526,0.5424362880088933
1570179991617512.0,0.22255116825131258,0.6720295073578593,0.5425000587310224
1570179991640452.0,0.22287297319953203,0.672030808740027,0.5425719022777007
1570179991655411.0,0.22319178075998677,0.6720296421109949,0.5426279371930283
1570179991677347.0,0.22351701326382983,0.6720368719535332,0.5426552636969103
1570179991700287.0,0.22384396960540612,0.6720404649514359,0.5426660080448265
1570179991716245.0,0.22419114854096997,0.6720461689070121,0.5426765522758181
1570179991738185.0,0.22454225915122994,0.6720443091114712,0.5426925376950008
1570179991760128.0,0.2248984362292865,0.6720464740661274,0.5427096832695407
1570179991775088.0,0.22525224330718713,0.6720431936348883,0.5427295922029722
1570179991798150.0,0.2256148499903417,0.672046000956961,0.5427475366475437
1570179991819984.0,0.22597704781133468,0.6720493817600284,0.5427558153804326
1570179991835138.0,0.2263549514533892,0.6720650842153553,0.5427558517044706
1570179991857864.0,0.22673959745844025,0.6720772884453754,0.542760731188386
1570179991879805.0,0.22714322460110276,0.6720903828067735,0.5427743439815609
1570179991894766.0,0.22755999913755395,0.6720887418160858,0.5427999656658675
1570179991917710.0,0.22799732718348134,0.672083647349413,0.5428339065078414
1570179991940644.0,0.22844128169892214,0.6720759531546184,0.5428693370295511
1570179991954612.0,0.22890398909923848,0.6720817279999489,0.5428978923935242
1570179991977548.0,0.22937597698334547,0.6720911008407637,0.5429157123082172
1570179992000487.0,0.2298679057590384,0.6721069552021871,0.5429295272378319
1570179992021429.0,0.23036961496367162,0.6721158150763975,0.5429475411701358
1570179992037386.0,0.2308893828975864,0.6721340109975321,0.5429663085272238
1570179992060326.0,0.23141145116782408,0.6721578121090699,0.5429833297483961
1570179992081320.0,0.2319483207845528,0.672194160326373,0.5429929022187724
1570179992098222.0,0.2324932720870306,0.6722225014743054,0.5429965968424864
1570179992120164.0,0.23305882732005917,0.6722482119602985,0.542996795443268
1570179992141110.0,0.233636895018958,0.672266475012556,0.5430006583720313
1570179992158225.0,0.2342375516840667,0.6722918482841785,0.5430046927800899
1570179992180007.0,0.23484974075024523,0.672314325538701,0.5430028351195317
1570179992200954.0,0.2354864340462425,0.6723454802810838,0.5429982053663243
1570179992218135.0,0.23614187869915934,0.6723764310667483,0.5429942017827923
1570179992239842.0,0.23682792055573226,0.6724138589368365,0.5429891376936903
1570179992261787.0,0.2375274846517649,0.6724416300101096,0.5429946272176271
1570179992278048.0,0.23825006874312915,0.672467582234387,0.5430059515164616
1570179992300681.0,0.23898335905617799,0.6724808766694375,0.5430119381230051
1570179992321627.0,0.23973917207232437,0.6724973812056976,0.54301062530799
1570179992337839.0,0.2405125407104954,0.6725156884043428,0.5430082054301706
1570179992360526.0,0.24131346356994132,0.6725467477682605,0.5430031137343764
1570179992388546.0,0.2421248174008228,0.6725780865262038,0.542998085334644
1570179992397424.0,0.24295404363553103,0.6726149443373933,0.5429963228923538
1570179992436321.0,0.2437904104652709,0.6726444501391917,0.5430003999284648
1570179992441305.0,0.2446533319162398,0.6726794162082078,0.543012014407008
1570179992457270.0,0.2455420758192943,0.6727078156434227,0.543039828748258
1570179992480201.0,0.24647185983293454,0.6727418458035389,0.5430821013958265
1570179992501267.0,0.2474304280918213,0.6727734980492602,0.543125751040702
1570179992517101.0,0.24842803862187843,0.6728127183461903,0.5431514851490504
1570179992546025.0,0.2494569317471135,0.6728462346501523,0.5431561824718301
1570179992562982.0,0.2505409372780247,0.6728765069826247,0.5431484640226993
1570179992577943.0,0.2516762524134424,0.6728881441850574,0.5431417250685795
1570179992600055.0,0.2528643512944841,0.6728987299878235,0.5431359916250564
1570179992622819.0,0.254082009092718,0.6729035153652259,0.543130852018644
1570179992637786.0,0.25533906915640703,0.6729177019073269,0.5431177805037694
1570179992660719.0,0.25662803999730405,0.6729344348713081,0.5430942129195466
1570179992682659.0,0.25797007230381647,0.6729657189636069,0.5430617447082806
1570179992697619.0,0.25935917000020026,0.6729986190935896,0.5430220994868059
1570179992720560.0,0.26080851794393034,0.6730378972591282,0.5429733273855141
1570179992743497.0,0.26230921766364773,0.6730642685538938,0.542922867087313
1570179992757465.0,0.26387256726421154,0.673085451546473,0.5428693104243842
1570179992780402.0,0.26548286382329267,0.6730964277546075,0.5428121443213724
1570179992802346.0,0.2671561778241128,0.6731153659859006,0.5427424844187742
1570179992825329.0,0.2688950372879377,0.6731252522658512,0.5426525888604631
1570179992840239.0,0.2707167720092232,0.673127668802795,0.542547404049663
1570179992863176.0,0.27260796432508516,0.6731102812461579,0.5424450589095663
1570179992877138.0,0.27458094066049044,0.6730928324757558,0.5423452928312656
1570179992900083.0,0.27662527562559514,0.6730722226559429,0.5422450589658584
1570179992923016.0,0.27875710509096546,0.6730628654863583,0.5421435690647084
1570179992936980.0,0.2809668325773212,0.6730477106997151,0.5420432836101251
1570179992960915.0,0.28326710084818363,0.6730364715737137,0.541943146915919
1570179992983083.0,0.2856528457840199,0.6730202179561188,0.54184345299427
1570179992996907.0,0.2881425780506489,0.6730087247905712,0.5417261952414436
1570179993020177.0,0.29072008966609475,0.6729885266539696,0.5415881086206499
1570179993042957.0,0.2933943938120977,0.6729746954016632,0.5414322622231444
1570179993063653.0,0.2961615219760532,0.6729524247792518,0.5412560735353988
1570179993080597.0,0.299043161080837,0.6729326959963673,0.5410557726068596
1570179993103280.0,0.3020334623765598,0.6729032620414256,0.5408447015980228
1570179993123523.0,0.3051510254251499,0.6728717619441507,0.5406252422783502
1570179993140435.0,0.3083934236478835,0.6728229519575669,0.5403939600590941
1570179993162392.0,0.3117800058058186,0.6727762355868986,0.5401412083192834
1570179993184355.0,0.31529904368435685,0.6727204747680139,0.5398602919882585
1570179993200276.0,0.31896476101253074,0.6726648097676465,0.5395400255771124
1570179993223213.0,0.3227678278117702,0.6725948688930741,0.5391852480398001
1570179993244419.0,0.32672330671113003,0.6725230264077638,0.5388013817136469
1570179993260359.0,0.3308256200304898,0.672430040814903,0.5383968871837863
1570179993282630.0,0.3350880722814412,0.6723251688723588,0.5379670865775815
1570179993304385.0,0.3395026904820893,0.6721979935163186,0.5375079597645017
1570179993326702.0,0.3440978152977279,0.6720651831648732,0.5370137405111793
1570179993343196.0,0.34887377130255187,0.6719106584700645,0.536489387186696
1570179993364509.0,0.3538433929718581,0.6717482113920311,0.5359309262629656
1570179993380544.0,0.35899101668713485,0.6715664835157562,0.5353252146430149
1570179993402355.0,0.3643345819459482,0.6713833485574421,0.5346428713029708
1570179993425725.0,0.36988278097444915,0.6711813820268722,0.5338913124675565
1570179993440336.0,0.3756544800146321,0.6709681578489232,0.533094507919296
1570179993463245.0,0.38162762667586025,0.6707263834325766,0.532260458032441
1570179993484968.0,0.38781487261228537,0.6704793399645107,0.531378097241101
1570179993500029.0,0.3942104440721189,0.6702173886131702,0.5304471582642045
1570179993522822.0,0.40082381445680704,0.669960920334304,0.5294559243704497
1570179993544952.0,0.4076460969030446,0.6697037911965794,0.5283990940996475
1570179993560005.0,0.4146848690085772,0.6694587642393169,0.527229797781417
1570179993582947.0,0.42190769709680953,0.6691741637801746,0.5257940551993843
1570179993605336.0,0.4293012599858918,0.6688692855946679,0.5239306836435047
1570179993626822.0,0.43683824213059863,0.6686238738076333,0.5217001328494562
1570179993642777.0,0.44458173630431336,0.6684434287800363,0.5193342312767633
1570179993665717.0,0.4525876087143637,0.6680221266984344,0.5171119336897588
1570179993686676.0,0.4607893292635561,0.6670374686554268,0.5151843602945461
1570179993702690.0,0.469078046961365,0.6652592320349594,0.5134868457037337
1570179993725813.0,0.47754757887706095,0.6625756436288844,0.5117987682291827
1570179993746589.0,0.4863908958384371,0.6589323467306487,0.5099430783145472
1570179993762459.0,0.4957826059915653,0.6544021017324684,0.5078847693826319
1570179993785397.0,0.5058267094684434,0.6490128333002503,0.5055970818910298
1570179993806567.0,0.5166896945685838,0.6428800722807563,0.5029098982604006
1570179993823203.0,0.5283812548635463,0.636116672207559,0.49963971416071457
1570179993845323.0,0.5406516545676293,0.6288151563664383,0.4956688430200642
1570179993866089.0,0.553184984034751,0.6209809467147013,0.49095785102355655
1570179993883119.0,0.5657648221867808,0.6126903389921701,0.48547041978109506
1570179993905553.0,0.5781671685131183,0.6039804453042473,0.4791881246125664
1570179993926499.0,0.590232382084618,0.5949622030882539,0.47215302088846894
1570179993942531.0,0.6018093083667304,0.5857494694731015,0.46448889468345306
1570179993965394.0,0.6127374966765513,0.5765261980551352,0.45631069334103336
1570179993986634.0,0.6229759599902416,0.5674112002545799,0.447718652435315
1570179994003291.0,0.6326779195283878,0.5585373565177247,0.438783594088818
1570179994025234.0,0.6419432044779186,0.5499243727760318,0.4296077017914584
1570179994046176.0,0.6507456866981068,0.5415429907793387,0.4203304111550242
1570179994062139.0,0.6589438356637924,0.5332841839356636,0.411067474873495
1570179994085073.0,0.6664728389643347,0.525151606332256,0.4018275897476739
1570179994106022.0,0.673477098725966,0.5171724672865874,0.39257837916182137
1570179994122977.0,0.6801464412718992,0.50948516312315,0.38331590467852594
1570179994144912.0,0.6864816950438695,0.5021499054064256,0.3741658239333533
1570179994166542.0,0.6924859629147724,0.4951752801435034,0.3652498113350714
1570179994182812.0,0.6981714655296374,0.48848200177606027,0.3566439337174755
1570179994205783.0,0.7034532000725069,0.4820035218911227,0.34846441479949164
1570179994226913.0,0.7082501694151769,0.4756705710667695,0.3408594137582834
1570179994242651.0,0.7126214033633855,0.46959947653866924,0.33390095476119575
1570179994265592.0,0.7166200667025809,0.4638766119098284,0.32762347540213455
1570179994286604.0,0.7202476086240106,0.45847705743004147,0.32208002125255186
1570179994302499.0,0.7235311856217495,0.45328278513284337,0.31738927839407066
1570179994325431.0,0.7265118843128416,0.4483201191772173,0.31364463125385117
1570179994346375.0,0.7291238654005281,0.44365197489908986,0.3108113698755765
1570179994362332.0,0.7313621378945308,0.43929080495207623,0.3087781265010696
1570179994370311.0,0.7333763846367043,0.4351024602404866,0.30755328677496796
1570179994390338.0,0.7352400582177204,0.43106763213837984,0.30724465157209324
1570179994413248.0,0.7368847023197554,0.4272619104500765,0.3079190335706167
1570179994430157.0,0.7382623426496169,0.4237495660490564,0.3096202251124306
1570179994451100.0,0.7393405198720302,0.4204709550083796,0.3124008274375662
1570179994482015.0,0.7400526932015528,0.41736388945099173,0.3163017907076587
1570179994491494.0,0.7401804178572661,0.414379509929281,0.3213187105929164
1570179994510934.0,0.7394744557483465,0.4115509891480898,0.32739129120916083
1570179994532876.0,0.7379324335019545,0.4088473112749591,0.3344288542689187
1570179994556968.0,0.7356994542938771,0.4061455867822228,0.3423343379947813
1570179994570840.0,0.7329186953015014,0.40328317115121426,0.35093744595387893
1570179994592723.0,0.7296425405900158,0.40022948533530983,0.3600245145287962
1570179994609675.0,0.7257773819601324,0.39705385431741363,0.369382275872384
1570179994630614.0,0.721388534908262,0.3938870125214562,0.37884534708627704
1570179994653606.0,0.7167595688152621,0.390816382770083,0.388359312362295
1570179994669510.0,0.7119892084368531,0.3878780564506597,0.3979967324463808
1570179994690536.0,0.7070226056340343,0.38508795110590444,0.40767952576195576
1570179994713478.0,0.7020533306855673,0.3824916098277878,0.41710448051953347
1570179994729397.0,0.6973679399220304,0.3800838068123972,0.42614977654372477
1570179994751177.0,0.6928977040846634,0.37782980097641955,0.4349981529377416
1570179994773239.0,0.6883344968132614,0.3758748809511763,0.4436374001094972
1570179994790042.0,0.683570648499705,0.3745384044077106,0.4518240245738952
1570179994811333.0,0.6787793030999961,0.3738598844563914,0.45945815601134304
1570179994833249.0,0.6740326977926787,0.37355033675147803,0.46671322362981704
1570179994850028.0,0.6691623875475254,0.3734627532071717,0.47372138612379205
1570179994870971.0,0.664009826318346,0.3736961419263527,0.4804138516303497
1570179994892965.0,0.658625815236126,0.3742714951003504,0.4867154532120791
1570179994916848.0,0.6531621211398397,0.37516612246937836,0.4927014802201513
1570179994930814.0,0.6476965615066744,0.3765113587013298,0.4983838392147979
1570179994952758.0,0.6422094537331764,0.3783882135973991,0.5036241637717418
1570179994969754.0,0.6367576248314276,0.3807312978538136,0.5083127340620169
1570179994990720.0,0.6315116720974828,0.38346342176965315,0.5124815710895639
1570179995013589.0,0.6265880974828452,0.38668962180992766,0.5161499064200554
1570179995029547.0,0.6218853135800629,0.390560014881267,0.5192993233206662
1570179995050924.0,0.6171822185836222,0.3951450605599801,0.5219994608396713
1570179995073433.0,0.6123222499951624,0.4004216232398185,0.5243824671362582
1570179995089477.0,0.6072636758482364,0.4063508388749399,0.5265071899562921
1570179995110577.0,0.601931426325789,0.4128301812077722,0.5284324655428674
1570179995133270.0,0.5962048705937391,0.41980897292078556,0.5302294884173406
1570179995149248.0,0.5899885649347787,0.42728102202451784,0.5319371109568092
1570179995171168.0,0.583253687471062,0.4352999857979279,0.5335730005169651
1570179995193112.0,0.5760129241443109,0.44387188643477526,0.5351560959062935
1570179995210070.0,0.5683236523219866,0.45301242491825333,0.5367187151177899
1570179995231020.0,0.5602662658134436,0.4626973250440991,0.5383163335349673
1570179995253036.0,0.5520025712007607,0.4729563248550983,0.5400099304031614
1570179995269911.0,0.5437498544171295,0.4838209148780414,0.5418744799843614
1570179995290853.0,0.5356603542508249,0.4953463807806637,0.5439492605105029
1570179995312791.0,0.5276605125814788,0.507453604727436,0.5462516034289532
1570179995329745.0,0.5195272769309556,0.5199214997075501,0.5487800301952236
1570179995350691.0,0.5110235045339246,0.5323956068602159,0.551497427375583
1570179995373628.0,0.5020002973023212,0.5445450368047049,0.554238550205199
1570179995390969.0,0.49244125090218566,0.556099476687257,0.5567657692077881
1570179995410535.0,0.48256714846681115,0.5669709797131068,0.5589859814391889
1570179995433469.0,0.472697560732006,0.5771026465129421,0.5609397088070307
1570179995451422.0,0.4629053391329272,0.5865481744105634,0.5626282519933835
1570179995470456.0,0.4529765951853949,0.5954687799376983,0.5639415098538012
1570179995493770.0,0.4427602598536496,0.6040508453035023,0.5647036287508473
1570179995511260.0,0.4322229861051436,0.6122757680060601,0.5648897128112567
1570179995530299.0,0.42142785858064874,0.6200207893446918,0.5646144378234952
1570179995553447.0,0.4106076754221149,0.6271991854140434,0.5639644032773619
1570179995571104.0,0.4001406947525815,0.6338294065441898,0.5629881588391249
1570179995591045.0,0.3903263983853775,0.6398780801937393,0.561746340194498
1570179995613136.0,0.38136770512348744,0.6453367092441324,0.5603164318305912
1570179995630938.0,0.3734018308822593,0.6502438077020855,0.5588004745213813
1570179995650964.0,0.36650430781202936,0.6547350944330078,0.5572964133752322
1570179995672834.0,0.36061221134233357,0.6589508945071739,0.5558525121894117
1570179995690779.0,0.3555672666870663,0.6629299934364092,0.554496907552379
1570179995710892.0,0.3513245579460895,0.6663366540774732,0.5531384574751697
1570179995732679.0,0.34767960984226104,0.6686348061469852,0.5512192605780172
1570179995750622.0,0.34377664055581053,0.6700110874965094,0.5481968589638481
1570179995770706.0,0.3391604963151582,0.6712530857737976,0.5446250148520052
1570179995793527.0,0.33450639174784413,0.6723388514736415,0.5415849221595049
1570179995811457.0,0.3306121949509975,0.6729309606913537,0.5394594458145339
1570179995830962.0,0.32762040306077833,0.6733549081485528,0.5380310574678911
1570179995853417.0,0.324959126008491,0.6741211056506621,0.5368797502230818
1570179995871296.0,0.32184742050553683,0.6753332854190798,0.5356344638431778
1570179995898341.0,0.31805230952966335,0.6768286671129745,0.5341849164372692
1570179995913401.0,0.313953501800714,0.6782871037500651,0.5326476217662062
1570179995931137.0,0.3101597257209862,0.6793953054526559,0.5311985099153059
1570179995951211.0,0.3069389558324297,0.6801176007887492,0.5298941342078131
1570179995973032.0,0.304099977959941,0.6807341727301267,0.5286624071272465
1570179995990976.0,0.30135564164554934,0.6814862858750812,0.5274410965307978
1570179996011922.0,0.29861196375408,0.6823587538054301,0.5262580503169711
1570179996033119.0,0.29593250010716204,0.6831507027205395,0.5251819816933894
1570179996050817.0,0.2934139314148997,0.6837379396492763,0.5242480019926176
1570179996072669.0,0.2910661881493807,0.6841463021813995,0.5234783804200549
1570179996093705.0,0.2888569124148251,0.6844667290350105,0.5228910501325625
1570179996110656.0,0.2867596381101815,0.6847192796820122,0.5224442538501614
1570179996131683.0,0.28476082642471456,0.684882090025817,0.5220692664080401
1570179996156535.0,0.28283729053657236,0.6849558591771567,0.5217369801801761
1570179996171578.0,0.2809772153713057,0.684993446181684,0.5214321183963032
1570179996192437.0,0.2791751768290018,0.6850463805388105,0.5211485492542308
1570179996213426.0,0.2774287484145815,0.6851452436370615,0.5208936024567987
1570179996231334.0,0.27571342208430605,0.685284512345722,0.5206555580110557
1570179996252280.0,0.2740160592347206,0.6854596932481615,0.5204159162977262
1570179996273222.0,0.2723433754968874,0.685650211149595,0.5201822371955422
1570179996296161.0,0.27071651607916253,0.6858322693268545,0.5199748697588815
1570179996313285.0,0.2691502865458934,0.6859785082648986,0.5198108020260624
1570179996333064.0,0.26765769708365955,0.6860682178815569,0.5196922808141351
1570179996351095.0,0.2662287845985017,0.6860914768082544,0.5196130281703785
1570179996374058.0,0.264864051049852,0.6860694651934751,0.5195713560049001
1570179996394896.0,0.26357689759734715,0.6860228052751302,0.5195647750182864
1570179996410853.0,0.26237628167862753,0.6859590590829325,0.5195911105610905
1570179996433793.0,0.2612464016610952,0.6858618030440353,0.5196594092730745
1570179996452741.0,0.2601661842250231,0.6857246389521265,0.5197751765583766
1570179996470694.0,0.25911984343241756,0.6855578322269756,0.5199277165500058
1570179996493633.0,0.25810857250883623,0.6853846501617603,0.520100316282497
1570179996513578.0,0.2571287114659963,0.6852132780454586,0.5202859619087534
1570179996531604.0,0.2561708508794028,0.6850437842060546,0.5204781011007386
1570179996553473.0,0.25521811003859135,0.6848753229534706,0.5206803713135748
1570179996573424.0,0.2542736674923428,0.684705806080757,0.5209096473446058
1570179996591466.0,0.25335980568565364,0.6845160565843802,0.5211700615178225
1570179996613313.0,0.2524951003591765,0.6843004105017613,0.5214477669227097
1570179996633270.0,0.25167031060874867,0.6840706352130672,0.5217294495965935
1570179996651211.0,0.2508729232431326,0.6838438611854897,0.5220147223423565
1570179996673155.0,0.250089601155008,0.6836191045229185,0.5223182747160278
1570179996694096.0,0.24931333201297395,0.6833850124137556,0.522647567339253
1570179996711052.0,0.24854412737475715,0.6831312682640754,0.5229950477768621
1570179996733990.0,0.24779200020571426,0.6828559086806861,0.5233585699430944
1570179996752937.0,0.2470597264838664,0.6825570247141622,0.5237424574320438
1570179996770892.0,0.24634470645650433,0.6822483810752059,0.5241402601150876
1570179996793877.0,0.24564162694203373,0.6819422336473512,0.5245457783490747
1570179996812780.0,0.2449485491865524,0.6816399428077271,0.524963746182941
1570179996830790.0,0.24425528201126004,0.6813416846837962,0.5253920262209241
1570179996853671.0,0.24356052249414842,0.6810503446156324,0.5258145719292264
1570179996873616.0,0.24287157523537242,0.680758343938709,0.5262266429174723
1570179996890573.0,0.24220185423909588,0.6804619177722351,0.5266297094193757
1570179996912667.0,0.241557669076598,0.6801612264026413,0.5270178642723391
1570179996933456.0,0.24093647626684425,0.6798571535061587,0.5273831656453323
1570179996950412.0,0.24033734147232932,0.6795577215455648,0.5277246429068853
1570179996972844.0,0.23976684660606754,0.6792760585753895,0.5280503654040897
1570179996993406.0,0.23921631879842523,0.6790053050514341,0.5283754983363332
1570179997010252.0,0.2386733471976381,0.678732691258547,0.528707802931716
1570179997033209.0,0.2381395789253547,0.6784551448435014,0.5290421971457964
1570179997054133.0,0.23762337035935258,0.6781821998678135,0.5293767482877874
1570179997070094.0,0.2371178866375556,0.6779230554932576,0.5297228103709184
1570179997093029.0,0.2366122674924014,0.6776759098736138,0.530092458232056
1570179997113972.0,0.23609841201723955,0.6774330500187163,0.5304817172213234
1570179997130006.0,0.23558074136597776,0.6771952659480919,0.5308641666856134
1570179997152943.0,0.2350697865491366,0.6769660505819978,0.5312113302928816
1570179997173815.0,0.23457044254153694,0.6767502910704144,0.5315167760023488
1570179997190767.0,0.23408077440741248,0.6765533011288577,0.5317943379226497
1570179997212839.0,0.23360509263655782,0.6763748833339681,0.532052280357629
1570179997233696.0,0.2331482526396868,0.6762065889737773,0.5322959199154836
1570179997250612.0,0.2327037863458924,0.6760424732104393,0.532536228116353
1570179997272581.0,0.23225899329909966,0.6758778818931684,0.532780214625343
1570179997296233.0,0.23181411291381587,0.6757152181663687,0.5330291051654464
1570179997310665.0,0.23137249444549512,0.6755626874937588,0.5332713750457682
1570179997333251.0,0.2309379719397014,0.6754197654106612,0.5334868217621648
1570179997355516.0,0.2305051040956319,0.6752793515654306,0.5336634379520239
1570179997370616.0,0.23006498112849688,0.6751384269635475,0.5338089437666869
1570179997392746.0,0.22962056529249025,0.6749982648247949,0.5339519538916963
1570179997415778.0,0.22918004719682225,0.6748618991254158,0.5341065541312607
1570179997429779.0,0.2287378200850917,0.6747251389086173,0.5342672440040467
1570179997452711.0,0.22828409323768936,0.674582437820993,0.5344341895933364
1570179997475627.0,0.22781673983701228,0.6744302857914533,0.5346127939463949
1570179997489765.0,0.22734080771877244,0.6742659957075995,0.5348004366062111
1570179997512707.0,0.2268659948822584,0.6740889220045969,0.5349931330316716
1570179997543125.0,0.22640468987285078,0.67390011625383,0.5351895670327823
1570179997549771.0,0.22596227316511286,0.6737070328908491,0.5353829458481124
1570179997573577.0,0.22553746653400755,0.6735180906139797,0.5355729921384592
1570179997595665.0,0.22512526569425728,0.6733299293277649,0.5357674280951241
1570179997609399.0,0.2247192136940819,0.6731429376423286,0.5359669178385964
1570179997640313.0,0.22431616305418825,0.6729605549499945,0.5361750846938502
1570179997655347.0,0.22391320998571246,0.672774840914439,0.5364062215688493
1570179997669466.0,0.2235020992301142,0.6725793244169831,0.5366665152911302
1570179997693171.0,0.22308194681488258,0.67237432148483,0.536952327898492
1570179997715231.0,0.22265981970095686,0.6721541901766733,0.5372648294241672
1570179997730074.0,0.222237942456067,0.6719177521821954,0.5376075051215115
1570179997753221.0,0.2218106945063928,0.671668406201218,0.537985410110452
1570179997774952.0,0.22137302911189988,0.6714042611875894,0.5384038812604975
1570179997795895.0,0.22091534671222018,0.6711281520123956,0.5388618648587209
1570179997820423.0,0.22042997349096718,0.6708433362962015,0.539342632928299
1570179997834933.0,0.2199232699220462,0.6705510796564236,0.5398282350218112
1570179997855878.0,0.2194031420150805,0.6702550403527276,0.5403227215242008
1570179997872833.0,0.21887410333230162,0.669953039751918,0.5408378452126195
1570179997895232.0,0.21834883354299428,0.6696429294601799,0.5413609011547967
1570179997916796.0,0.21783872882957103,0.6693234687433122,0.5418752900983782
1570179997932754.0,0.21734146278076444,0.6689895400718261,0.5423932152085643
1570179997955692.0,0.21685464334323676,0.6686407947738786,0.5429154806709695
1570179997976715.0,0.21638619693327665,0.6682816292098718,0.5434195503810347
1570179997992594.0,0.21594729090056994,0.6679245801349839,0.5438958426241246
1570179998015624.0,0.2155462467955149,0.6675802489469626,0.5443505189574223
1570179998036479.0,0.2151824336786518,0.6672385738229963,0.5448002969658573
1570179998052503.0,0.21485195690149467,0.6668813237379414,0.5452601748987488
1570179998075374.0,0.2145604899075964,0.6665012768309656,0.5457315075244981
1570179998096316.0,0.21430568969357738,0.6661079892363229,0.546213603798373
1570179998112273.0,0.21406571274677982,0.6657051862692593,0.5467041868499795
1570179998135212.0,0.21382860489254468,0.6652859275748597,0.5471916822752857
1570179998157154.0,0.21360131230143295,0.6648561886881275,0.547670806017872
1570179998173111.0,0.2133927209730874,0.6644258262921291,0.5481487191031592
1570179998195057.0,0.21320347200318346,0.6639945566651839,0.5486355315145309
1570179998217994.0,0.21302295798750673,0.6635587155965084,0.5491405662357393
1570179998233050.0,0.21285076080129076,0.663122275106853,0.5496574010323376
1570179998254949.0,0.21269682404684045,0.6626950952331921,0.550165081104005
1570179998278038.0,0.2125590673872788,0.6622788733225609,0.5506602404768332
1570179998292792.0,0.2124241337496514,0.6618676740610034,0.5511631306156151
1570179998315731.0,0.2122830777706083,0.6614545114284005,0.5516872690241538
1570179998337671.0,0.2121400248730121,0.6610338864243065,0.5522333175645747
1570179998352842.0,0.21199771562470873,0.6606011277026331,0.5527965803683585
1570179998375574.0,0.21185434092010227,0.6601534815707577,0.5533572463283278
1570179998397512.0,0.21172095087521975,0.6596995914554941,0.5538917442279144
1570179998412471.0,0.21160702122212363,0.6592521394119413,0.554386310059146
1570179998435410.0,0.21150953945205175,0.6588222824694453,0.5548192031301112
1570179998457438.0,0.2114247454519742,0.658426770007494,0.5551716743014791
1570179998472310.0,0.2113573330112778,0.6580708850079556,0.555455005219852
1570179998495389.0,0.21130989712167997,0.657750451313199,0.555697308347694
1570179998517264.0,0.2112762708872311,0.6574743048857825,0.5559143402925837
1570179998532200.0,0.211255727981817,0.657244073859036,0.5561209807043477
1570179998555157.0,0.2112479643917389,0.6570381428334947,0.5563291744757215
1570179998578028.0,0.211244754603762,0.6568407415587422,0.5565318703652244
1570179998592038.0,0.2112328819531711,0.6566499867006111,0.5567309538808545
1570179998615407.0,0.21120840699033078,0.6564574975143147,0.556938218805014
1570179998637922.0,0.21118569999044895,0.6562545454337193,0.5571488130352614
1570179998652938.0,0.2111731186545704,0.6560518562838068,0.5573501706999171
1570179998674769.0,0.21116787234211323,0.6558639923508803,0.5575388971595504
1570179998697927.0,0.21116459068441534,0.6556942693795011,0.5577183102397827
1570179998719007.0,0.21115596399635772,0.6555424183088501,0.5578890617103192
1570179998735753.0,0.21114386330733648,0.6554109188655228,0.558047574164398
1570179998763534.0,0.21113846238573247,0.655292953157414,0.5581897182865695
1570179998778712.0,0.2111421837833437,0.6551780125071395,0.5583201530996295
1570179998795446.0,0.2111535547010851,0.6550669042820544,0.5584552765714029
1570179998817648.0,0.21117450779096453,0.6549574357579431,0.5586041361833095
1570179998838332.0,0.21120055937966986,0.6548407715942126,0.5587579643610113
1570179998855286.0,0.21122311653455889,0.6547179169802083,0.5589068240781535
1570179998877329.0,0.21124284944552446,0.654595893648565,0.5590377928535437
1570179998899169.0,0.21126867532995677,0.6544816008662454,0.5591332875678906
1570179998915126.0,0.21130480096905635,0.6543826594425847,0.5591977321504035
1570179998938224.0,0.21135278590370213,0.6543023300861239,0.5592429922913961
1570179998959013.0,0.21141621304141048,0.654236333537567,0.5592677679642415
1570179998974967.0,0.21148856363171484,0.6541812218689582,0.5592857114484945
1570179998998001.0,0.21155821551640247,0.6541361361199088,0.5593131695372907
1570179999018961.0,0.21162236844811574,0.6540963196318219,0.5593511509579592
1570179999035036.0,0.21168318198482572,0.6540536715622868,0.5593978218888203
1570179999057813.0,0.21174723347759575,0.6540047753413847,0.5594461333989735
1570179999078690.0,0.21181304534334613,0.6539496231104903,0.5594996479746852
1570179999095645.0,0.21187425672827442,0.6538925029098702,0.5595686954698906
1570179999125571.0,0.21193108073689618,0.6538368274299529,0.5596482393105816
1570179999138531.0,0.21198735345885233,0.6537830909257335,0.5597333057151405
1570179999155485.0,0.21204324175880823,0.6537351769144533,0.559816071404782
1570179999177842.0,0.2120974494762812,0.6536927734379939,0.5598814164151368
1570179999207384.0,0.2121563455578748,0.6536457807849784,0.5599353426158304
1570179999215386.0,0.2122251405767387,0.6535936486997687,0.5599958832067659
1570179999237265.0,0.21229981929748404,0.6535430549219042,0.5600643392067102
1570179999260205.0,0.21237941350761896,0.653501832516323,0.5601255589050896
1570179999275163.0,0.21246113487890747,0.6534715718283414,0.5601681722407665
1570179999298106.0,0.21254361990314843,0.6534452493049402,0.5601970044914187
1570179999320046.0,0.21263389786516476,0.6534232885302704,0.560227102278539
1570179999335005.0,0.21274207973822423,0.6534146568062684,0.5602697246115693
1570179999358124.0,0.21286492359886544,0.6534181755221297,0.5603127155337017
1570179999379887.0,0.2129910910255519,0.6534275063435552,0.5603363049368489
1570179999394845.0,0.21311354273699282,0.6534370368969272,0.5603428326096118
1570179999417791.0,0.21324106091461845,0.6534379595864369,0.5603422665301212
1570179999440777.0,0.2133845523789466,0.6534272518503518,0.560342307108093
1570179999454685.0,0.21354036568759593,0.6534147930927159,0.560355883781159
1570179999484604.0,0.21369925003922907,0.6534059583714712,0.5603871677002441
1570179999500564.0,0.21385859848077232,0.6534030708655529,0.5604314642199395
1570179999514525.0,0.21401511563952708,0.6534114998156314,0.5604828673609931
1570179999537463.0,0.21417210800824482,0.6534353094115272,0.560532300465729
1570179999560406.0,0.21433356941713455,0.653464213115705,0.5605727364678774
1570179999574408.0,0.21450292227843565,0.6534847590315975,0.5606029708914521
1570179999597309.0,0.21468276388155882,0.6534900710575074,0.5606385179530085
1570179999621061.0,0.2148743332987686,0.6534804367045911,0.5606902402062122
1570179999634853.0,0.21507103268329208,0.6534642861805204,0.560751514741301
1570179999658177.0,0.21527536693291427,0.6534493806283722,0.5608123823558364
1570179999680085.0,0.21549657806690167,0.6534375383361128,0.560860656180949
1570179999701025.0,0.21573558023893316,0.6534327500383823,0.5608892538045527
1570179999717979.0,0.21597855436353694,0.6534316455527592,0.5609058319236206
1570179999739926.0,0.21622035566413436,0.6534275943577815,0.5609232537759753
1570179999761862.0,0.21646464365134505,0.6534173935294981,0.5609444361646421
1570179999777820.0,0.216713698218963,0.6534035158783915,0.5609620934200525
1570179999799761.0,0.21696613516354618,0.65338520510609,0.5609705840717761
1570179999821703.0,0.2172246298281839,0.6533620337847936,0.5609694668028876
1570179999837660.0,0.21748635934075228,0.6533359438082339,0.5609631511162153
1570179999860602.0,0.21775779855018756,0.6533143073158725,0.5609566150273309
1570179999881601.0,0.21804565887734217,0.6532992979413542,0.5609526087781671
1570179999897501.0,0.2183514373312024,0.6532893221170079,0.5609475539951918
1570179999920440.0,0.21867317401674202,0.6532806400055647,0.5609358358973914
1570179999941391.0,0.21901123054898927,0.653272068959263,0.5609153667583039
1570179999957455.0,0.219356974858215,0.6532636321624277,0.5608914549528854
1570179999980285.0,0.21971129423964347,0.6532562197588002,0.5608690037792158
1570180000001225.0,0.2200775891659494,0.6532464915486083,0.5608474259418929
1570180000018177.0,0.2204559110691026,0.6532314525002827,0.5608198992681067
1570180000040119.0,0.22084196215743215,0.6532064808927496,0.560787691006646
1570180000063057.0,0.22124006002911364,0.6531779851994124,0.5607593571912116
1570180000078022.0,0.22165539238165416,0.6531545203144506,0.5607367588831343
1570180000099959.0,0.22209450010663437,0.6531387432075066,0.5607183140693659
1570180000122898.0,0.222553172372951,0.653125283307572,0.5607100150450824
1570180000137969.0,0.22303013545652814,0.6531113726135749,0.5607179568734132
1570180000160568.0,0.22352380098536523,0.6530899914721918,0.5607368248590818
1570180000182738.0,0.22403936446204437,0.6530576427146924,0.5607529972056503
1570180000197696.0,0.22456964958967524,0.6530160799270233,0.5607712372223322
1570180000220712.0,0.22511279900700676,0.65297164536997,0.5608015379078691
1570180000242580.0,0.2256734218885917,0.652923898366886,0.5608402672473946
1570180000257537.0,0.22625303179844108,0.6528719732058247,0.5608733142718162
1570180000280477.0,0.22683920883330813,0.6528165472218675,0.5608844448201977
1570180000302890.0,0.22744111639765155,0.6527627034541629,0.5608705041944125
1570180000317378.0,0.22807782641012259,0.652707458504501,0.5608481222849847
1570180000340316.0,0.22875351444281264,0.6526471834713684,0.5608308574030292
1570180000362261.0,0.22944268778958204,0.6525788440389111,0.5608200841474359
1570180000377218.0,0.23014067959777126,0.6525083201067798,0.5608155961314262
1570180000400228.0,0.23085786247771314,0.652440368650754,0.5608222555441811
1570180000423104.0,0.23160452173585386,0.6523847900879335,0.5608289199341764
1570180000437107.0,0.2323796030668035,0.6523372990579381,0.5608218652193664
1570180000460139.0,0.23319052596174536,0.652287914499399,0.5607952094214528
1570180000482986.0,0.23403799655247404,0.6522304337054274,0.5607537446706118
1570180000496903.0,0.23493009775948784,0.6521686571072604,0.5607159816280851
1570180000520588.0,0.23586692135209414,0.6521019124021339,0.5606906421397528
1570180000542776.0,0.2368465019913404,0.6520274562569222,0.560668496024123
1570180000556736.0,0.23786498223531016,0.6519430015003266,0.5606470455201933
1570180000580674.0,0.23893705739612586,0.6518587591725341,0.5606251359728164
1570180000602615.0,0.2400633555630339,0.6517763313411798,0.560608545049429
1570180000623559.0,0.24124568697107207,0.6516971342222266,0.5606012641914785
1570180000640521.0,0.24248070115016981,0.6516205574957504,0.5605935027242112
1570180000662457.0,0.2437694782208632,0.6515498167886346,0.5605754113563666
1570180000683440.0,0.24510505710372682,0.6514757804171326,0.5605520680458176
1570180000701350.0,0.24649791714549799,0.6513925444798968,0.5605243968787369
1570180000722300.0,0.24795505599381754,0.6512987439129776,0.5604915668647179
1570180000744236.0,0.24948437327874334,0.6512003541904848,0.5604546094911359
1570180000760194.0,0.25107800341753744,0.6510938238537699,0.5604148766530951
1570180000783132.0,0.2527370969209488,0.6509826622758562,0.5603704649457941
1570180000804076.0,0.2544616407819928,0.6508675041381498,0.5603236866348187
1570180000819743.0,0.25626116291306156,0.6507505075553183,0.5602688845940517
1570180000842895.0,0.2581273513353294,0.6506228998616361,0.5602042316962066
1570180000871576.0,0.26007048377516856,0.65048675029933,0.5601357984479369
1570180000880148.0,0.26210373792109154,0.6503430997807924,0.5600752858523579
1570180000902409.0,0.2642439068442085,0.6501956839410656,0.560025268959594
1570180000923338.0,0.26649149029687724,0.6500386199813435,0.55997417180926
1570180000940320.0,0.26885730798670626,0.6498768224593581,0.559908377948753
1570180000963214.0,0.2713376695541334,0.6497106851708485,0.5598358557948024
1570180000984184.0,0.2739342390489303,0.6495421001479054,0.5597561261200469
1570180001000375.0,0.27664005149972143,0.6493616140391621,0.559660842384073
1570180001023190.0,0.27946507679243915,0.649166389958584,0.559547720765475
1570180001043820.0,0.2824057964817946,0.6489489082659528,0.5594223440541839
1570180001060153.0,0.28546972331552284,0.6487139508136858,0.55928250307512
1570180001083091.0,0.2886575822390848,0.6484569668866768,0.5591225318882768
1570180001105219.0,0.29198209144586557,0.6481766929066214,0.5589428726987803
1570180001119562.0,0.2954413891435811,0.6478672302207521,0.5587534103111008
1570180001142989.0,0.2990498640655321,0.647542114155656,0.5585481670819691
1570180001165220.0,0.30281295560808563,0.6472004116548399,0.5583195777155903
1570180001180232.0,0.3067381279525438,0.6468409936649304,0.558060799327882
1570180001202914.0,0.31082024796848934,0.6464586272706679,0.5577806643032
1570180001225858.0,0.31508927073973486,0.646059848707702,0.5574847111021582
1570180001239822.0,0.31955835729046067,0.6456314607536896,0.5571672619171888
1570180001263257.0,0.32422855707232795,0.6451728991482711,0.5568186057361371
1570180001285274.0,0.32908365025879244,0.6446778894785798,0.5564385087931175
1570180001299906.0,0.33413106562502876,0.6441510090775736,0.5560278610567113
1570180001323012.0,0.33936680247766327,0.6435892803819399,0.5555934747016753
1570180001345285.0,0.34480523444167827,0.6430030638761556,0.5551277605721665
1570180001359340.0,0.3504576109304542,0.6423852673948758,0.5546271331704984
1570180001386629.0,0.35634724878359864,0.6417357802374595,0.5540921673839171
1570180001406334.0,0.36247411540502505,0.641041750934338,0.5535259728937456
1570180001428201.0,0.36885236566040625,0.6403078060918092,0.5529229242604055
1570180001453620.0,0.3754720546790615,0.6395225409441126,0.5522848445156113
1570180001472479.0,0.382335150325116,0.6386991859431308,0.551602041191755
1570180001486522.0,0.3894410413455337,0.6378364230859733,0.5508688024976772
1570180001502333.0,0.396805292217124,0.6369305420670942,0.550081087449663
1570180001525476.0,0.4044120155429954,0.6359625910035102,0.5492335423492222
1570180001539233.0,0.4122529424736852,0.634932876867732,0.5482678994571416
1570180001562259.0,0.4203030148277828,0.6337802050217524,0.547077013978516
1570180001585194.0,0.42851906965967285,0.6324325811576352,0.5455979081997797
1570180001606145.0,0.4367960360769766,0.6307756575416718,0.5439080971798571
1570180001623094.0,0.44498921414756215,0.6286546630020861,0.5421639066179013
1570180001645143.0,0.4528598214630669,0.6258794967350451,0.5404953516987182
1570180001666067.0,0.460297690765985,0.62234141008446,0.5388832531498843
1570180001682934.0,0.46751682832472086,0.6179954928658288,0.5371704023700942
1570180001704881.0,0.47500439573246384,0.6128565663026468,0.5351481562417588
1570180001726816.0,0.4832827304337078,0.6069650260568658,0.5326743034978235
1570180001743121.0,0.49272575502481797,0.6005071099971457,0.5296348248785184
1570180001765997.0,0.5033039988778432,0.593631720996877,0.5259040804517514
1570180001786661.0,0.514696653290276,0.5864061715272035,0.5213580602743504
1570180001802612.0,0.5265617891337763,0.5788310391272181,0.5159859031238321
1570180001825552.0,0.5385902679867793,0.5709233943186085,0.5098964040023206
1570180001846495.0,0.5504257038084027,0.5626582727146385,0.5032234456407944
1570180001862452.0,0.5618468552299984,0.5540746266562641,0.49604472402764316
1570180001885491.0,0.5727334528096432,0.545277994718819,0.4884858412711056
1570180001906376.0,0.5829946122131239,0.5365409619852818,0.4806364247934398
1570180001922305.0,0.5926100136786425,0.5280919944478129,0.4724786806313092
1570180001945269.0,0.6017106640750006,0.5200245018975871,0.46402493512182164
1570180001966176.0,0.6103835282736381,0.5122806383580008,0.4553975767013681
1570180001982305.0,0.6185199510375498,0.5048636631257271,0.44669612604043096
1570180002005071.0,0.6260500539596418,0.4977822074992036,0.4379447779309218
1570180002028010.0,0.6331619240615515,0.49108178480394854,0.4290690459078883
1570180002041974.0,0.6399664087334512,0.48479450546024055,0.4200975121224243
1570180002065085.0,0.6464338849122764,0.47898906046528733,0.4111865362748888
1570180002087853.0,0.6525225275873271,0.47370073784925304,0.40249023163729103
1570180002101818.0,0.6581855168122435,0.46895169081029453,0.39406880277934564
1570180002124852.0,0.6633595930313306,0.4646999932556966,0.3860049612023406
1570180002131732.0,0.6680686839494031,0.46092852368313314,0.3784295816145312
1570180002153674.0,0.6723699412179455,0.4575984191661885,0.3714562815610408
1570180002176119.0,0.676315459536431,0.4546931790099191,0.3651273112793773
1570180002190699.0,0.6799082910234916,0.4521442628516959,0.359475394022017
1570180002213524.0,0.6831125442557057,0.4498823381103588,0.3545350007652867
1570180002231466.0,0.6859881522578724,0.4478336481065342,0.3503695533369503
1570180002250417.0,0.6886174749264513,0.4460157737409633,0.3470123097172519
1570180002273355.0,0.6909725154048493,0.4444406782660674,0.34443731729700855
1570180002291516.0,0.6930399444145321,0.44304330418082133,0.342616159943349
1570180002310495.0,0.6948138815178208,0.441776676317368,0.3415736421654382
1570180002333202.0,0.6962885327839831,0.4406919490136152,0.3413202372518322
1570180002348329.0,0.6974756069404785,0.4398129121676851,0.3418655393287735
1570180002371096.0,0.6984000402620266,0.4391251807209797,0.34322174592112087
1570180002410264.0,0.6990159071111273,0.4386212655924208,0.345407994218146
1570180002412980.0,0.6991372522924558,0.4383094772126395,0.34843796826893947
1570180002431016.0,0.698644764058769,0.43813476035636945,0.35227693343683464
1570180002461850.0,0.6976510239561392,0.43802080626039974,0.35689174389322137
1570180002470828.0,0.6962682403673762,0.4378958282706475,0.3622877441594589
1570180002490777.0,0.6944249839132184,0.4376561505837322,0.36847957692245037
1570180002512722.0,0.6920106312514619,0.4372467032950293,0.37539904659776036
1570180002536903.0,0.6890346991954891,0.4367040570123331,0.3828906242938156
1570180002558673.0,0.6856387172863208,0.4360646641822341,0.3907936983203242
1570180002573554.0,0.6820013036356233,0.43531309617142033,0.39900937926916014
1570180002591503.0,0.6781981490126988,0.43446953293012236,0.40746372494524713
1570180002610457.0,0.6740996883751466,0.4335909970991357,0.4160864563437752
1570180002633392.0,0.6695613553250315,0.43270583793190714,0.4247719433882252
1570180002651409.0,0.6646913423388836,0.4317510719162761,0.43344521291887617
1570180002670580.0,0.6597116236466359,0.430775929666505,0.44202808672757377
1570180002693382.0,0.6546074568274166,0.4299830973967011,0.45046105502049316
1570180002711184.0,0.6492013397700892,0.4295324074503772,0.4587157484229722
1570180002731131.0,0.6434121801400462,0.42941073272815894,0.4667412809623239
1570180002753076.0,0.6374321365888597,0.4295554894854046,0.4744298482392875
1570180002771027.0,0.6315168086676344,0.42980475390862094,0.4817329882787289
1570180002790977.0,0.6257550942828056,0.43009272042592683,0.4886532390175516
1570180002815903.0,0.6201335731626374,0.4305536359253642,0.4951753451876824
1570180002830865.0,0.6146654520371642,0.43140381004195744,0.5012233004243494
1570180002850967.0,0.6092992411624719,0.43268322194154,0.5067298713522652
1570180002873803.0,0.6040260676511231,0.4343567425789582,0.5116571760979438
1570180002890824.0,0.5988804494142216,0.43634693565401333,0.5160625575824389
1570180002910838.0,0.5938365183261025,0.43869364061899085,0.5200176251946548
1570180002933588.0,0.5888487065277394,0.44151307914110666,0.5235181131637786
1570180002951542.0,0.5839286391682605,0.4449783593402612,0.5265403869799365
1570180002970494.0,0.5789868614291591,0.44910276812434086,0.529130270948393
1570180002993563.0,0.5739038401557973,0.45388351631559026,0.5313060138791126
1570180003011382.0,0.568590910761953,0.4592608971124614,0.5330613527979149
1570180003030461.0,0.5630038053970718,0.46526312999770436,0.5344461155699125
1570180003053272.0,0.5570920271140584,0.47189524286637075,0.5355593126344483
1570180003071221.0,0.5508517385902498,0.47921760985681483,0.5364516477223926
1570180003090459.0,0.5442828920867099,0.4871673725314712,0.5371584035071119
1570180003113112.0,0.5374255640812352,0.49577004111215733,0.5377513731035345
1570180003131062.0,0.5303506042907804,0.5050469018839226,0.5383028499487238
1570180003151007.0,0.523255882681265,0.5151030513774554,0.5388229114037802
1570180003173386.0,0.5163592986679494,0.5258970740330915,0.5393564582958826
1570180003190901.0,0.5096952567543013,0.5373196336029264,0.5400205563239345
1570180003210857.0,0.502950552498476,0.5490680764560519,0.5409137097511996
1570180003232793.0,0.49573716186887745,0.560865587604865,0.5420526756165165
1570180003250798.0,0.4878682366004063,0.572326809951568,0.5433573347572467
1570180003270765.0,0.47951395358214266,0.5832690122407056,0.5446717610436582
1570180003293631.0,0.47092673858096346,0.5936627553039123,0.5459636597191377
1570180003310586.0,0.4621876519130628,0.6036865082468706,0.5472677581939975
1570180003330534.0,0.45310653008428337,0.6134125573078293,0.5484591249794826
1570180003353468.0,0.4435383597998227,0.6229584119756661,0.5493764464561701
1570180003371424.0,0.4335405846010205,0.6322561911425002,0.5500160448419591
1570180003390368.0,0.42331223016863245,0.641111900404654,0.5504311595883641
1570180003413306.0,0.4130036722740434,0.6491873708323107,0.550612349764844
1570180003431265.0,0.40287510712960667,0.6563731507575135,0.5505359011321509
1570180003452203.0,0.39321771000253136,0.6625706247884265,0.5502568008696559
1570180003473205.0,0.3842337410741739,0.6677642788018163,0.5499040918749343
1570180003491097.0,0.37608234110957844,0.6720611580178631,0.5495909251487808
1570180003511076.0,0.3689436990425155,0.6759005312295674,0.5493117184238043
1570180003532986.0,0.36273167147761837,0.6796526098293786,0.5489259204008264
1570180003550939.0,0.3572328046175983,0.6835558163243789,0.5483038170875322
1570180003571939.0,0.352164238005214,0.6874717393420433,0.5474649911016588
1570180003592838.0,0.347307556723749,0.690874135461243,0.5464306698841015
1570180003610779.0,0.34272544149703427,0.6931135084900462,0.5451902085419453
1570180003638703.0,0.3384694322331861,0.6941560088913203,0.5435561153330398
1570180003653708.0,0.3341645841092132,0.6945349216134578,0.5412259963233608
1570180003670620.0,0.32982728906688574,0.6949318774970848,0.5384867272062924
1570180003692560.0,0.3259762812281232,0.6953540713120334,0.5359198031983454
1570180003713505.0,0.32290957161556455,0.6956577202196306,0.5337329132917448
1570180003731461.0,0.3203617738759126,0.69602879698577,0.5318200472588966
1570180003752400.0,0.31788982028582213,0.6967848020576851,0.5299566583101633
1570180003773347.0,0.3152216916798542,0.6979644157777299,0.5279812726556525
1570180003798278.0,0.31238785201554276,0.6994248482033517,0.5258704742513064
1570180003812241.0,0.3095023691353282,0.700828341873149,0.5236901118326677
1570180003833183.0,0.3067185315665209,0.7019728426395719,0.5215586395750211
1570180003851140.0,0.3041524170820728,0.7028158130435986,0.5195545710797582
1570180003872079.0,0.30186565894346595,0.7035367217203959,0.5176646751607585
1570180003893027.0,0.29976236446896565,0.7042942179407092,0.5158222659887752
1570180003910977.0,0.29773832826657454,0.7051688129921637,0.5139765185298587
1570180003933916.0,0.29573321719714063,0.7060434611247276,0.5121172105700795
1570180003952865.0,0.29379739928480164,0.7068710711409438,0.5103105253097289
1570180003970816.0,0.29196975241941897,0.7076326670430153,0.5086188593128553
1570180003993755.0,0.2902654348702317,0.7083653331128842,0.5070531869938418
1570180004012703.0,0.28861853336818116,0.7090236214576392,0.5055907224647208
1570180004031654.0,0.2869677166149031,0.7096183877598188,0.5042053043925854
1570180004053823.0,0.2852434766138283,0.710184454193426,0.5028789541266814
1570180004073679.0,0.2834809710346252,0.7108214138008632,0.5016215542805033
1570180004091565.0,0.2817555916680518,0.711499235434662,0.500442248136043
1570180004118424.0,0.2801734800050373,0.7121813090397311,0.49934856617449574
1570180004133383.0,0.278737371976124,0.7127985757108217,0.49832348859138775
1570180004151426.0,0.2774158187559203,0.7133667122249493,0.497307550496997
1570180004173273.0,0.2761792664699146,0.7138988248135233,0.4962406301585755
1570180004193430.0,0.27505188867255903,0.7144542116735106,0.49513896639569
1570180004211173.0,0.274009816607591,0.7149952625674276,0.49404550393116076
1570180004233116.0,0.2730293660979333,0.7154898947851442,0.49298625757415
1570180004253133.0,0.27206443017752896,0.7158789261535502,0.4919659338123008
1570180004271013.0,0.2711268704085185,0.7161945127593912,0.4909909437737291
1570180004293951.0,0.27021305945797786,0.716451616124312,0.49006700774220574
1570180004312899.0,0.26933659159399986,0.7167025713779572,0.4892012402745071
1570180004330854.0,0.2684846012617271,0.7169441269194776,0.4883879797110685
1570180004353791.0,0.267673706693017,0.7172081287353552,0.4876269686516744
1570180004372857.0,0.2668799230301948,0.7174723936092581,0.48691286338802714
1570180004390692.0,0.26611054145378027,0.7177372270333275,0.4862382319875664
1570180004413829.0,0.2653744912080866,0.7179641299134296,0.485602853505749
1570180004433584.0,0.2646949931438001,0.7181694700456236,0.4850101482961219
1570180004463497.0,0.26405126447129984,0.7183418878345884,0.48443949816904
1570180004478596.0,0.26344792870121164,0.718522164045798,0.4838786297116151
1570180004493539.0,0.2628686497942028,0.7187038427882667,0.48333671146081775
1570180004511370.0,0.26232644485657547,0.7188952241017678,0.4828229477838668
1570180004533354.0,0.26180145910469216,0.7190613695439267,0.4823262453198392
1570180004554256.0,0.2612958847596055,0.7192216071737809,0.4818415286587426
1570180004571482.0,0.2607823787153271,0.7193578801584529,0.4813790540671111
1570180004593151.0,0.26026698209858923,0.7194723409864772,0.4809562882291669
1570180004621082.0,0.2597376041950926,0.7195311617699343,0.4805720293100227
1570180004630055.0,0.2592099293801094,0.7195547064480516,0.4802358510382141
1570180004652991.0,0.2586795304675573,0.7195298385567958,0.4799635799227282
1570180004673935.0,0.25816313866092166,0.7194755869319718,0.4797557898484364
1570180004689896.0,0.25764234510645667,0.719386711102397,0.479585863395975
1570180004712830.0,0.2571212707237714,0.719299059512406,0.4794233980028762
1570180004733779.0,0.25658362048202427,0.7192053830030108,0.47926885876474634
1570180004750729.0,0.25604551191443653,0.719128214362313,0.47914337914659555
1570180004772674.0,0.25549927011508894,0.7190547114888459,0.4790534833312241
1570180004793615.0,0.254962530080554,0.718997306648578,0.47900759626312167
1570180004810570.0,0.25443219202353984,0.718922384159703,0.47900698402519437
1570180004832514.0,0.2539310153320366,0.7188345535602758,0.47903374807427096
1570180004855450.0,0.2534435733234776,0.7187246011351698,0.47906534476786417
1570180004870411.0,0.25297480132795636,0.7186159314542356,0.479096455741868
1570180004892905.0,0.25250926304456855,0.7184963283565713,0.47913131223869443
1570180004915345.0,0.25205484835240227,0.7183899708884519,0.47916770583920504
1570180004930250.0,0.25159570424396704,0.7182799563223746,0.47919745638085487
1570180004953188.0,0.2511473313177243,0.7181756595018184,0.47921863243770146
1570180004975129.0,0.25069765967710256,0.7180639087777366,0.47922744541874324
1570180004990090.0,0.2502609590101977,0.717969983317037,0.47923000719650705
1570180005013027.0,0.2498260354659671,0.717880077669833,0.4792405261288643
1570180005034970.0,0.24940414090014051,0.7177967705349311,0.47926663236429873
1570180005057908.0,0.24897714762894418,0.717699531206777,0.4793135681052893
1570180005072868.0,0.2485517965092342,0.7176103114127067,0.47938365538368266
1570180005095178.0,0.24811520683130142,0.7175151316414936,0.4794712504439603
1570180005110020.0,0.2476852179422809,0.7174257421382179,0.4795704493013761
1570180005132783.0,0.24725304628774195,0.7173288714180843,0.47967482338201306
1570180005155650.0,0.24683103067002438,0.717236588299083,0.4797789239787598
1570180005169835.0,0.24640670671508105,0.7171253849337113,0.4798856512809228
1570180005192558.0,0.24599142416916675,0.7170084181043594,0.48000010780845187
1570180005215560.0,0.24556651185618736,0.7168803772522372,0.48012145279897245
1570180005229449.0,0.2451448487300623,0.7167588349510414,0.4802470359752287
1570180005252387.0,0.2447120017900938,0.7166366733754561,0.4803834538262933
1570180005275307.0,0.2442690775321135,0.7165410205222016,0.48054100194385135
1570180005289776.0,0.2437935178082025,0.7164616862905645,0.48071813589144896
1570180005312523.0,0.2433027194666402,0.7164081048841349,0.48090249393890994
1570180005335848.0,0.242796666523389,0.7163634060850079,0.4810934096712309
1570180005349491.0,0.24229822929842765,0.7163356111565308,0.4813045610960378
1570180005372341.0,0.24180426997953453,0.7162971905474641,0.4815370332706703
1570180005401517.0,0.24133958015179185,0.7162490454734466,0.4817623737303143
1570180005416371.0,0.24088870157925513,0.7161769034728325,0.4819557412900287
1570180005433379.0,0.24045684308035642,0.7160940092155513,0.4821136650609788
1570180005454814.0,0.24004102068171365,0.7159882495073272,0.4822532758310331
1570180005476262.0,0.23968225759004136,0.7158757545501329,0.4823946299487209
1570180005493167.0,0.23938851139451367,0.7157475649479681,0.4825453004688384
1570180005515206.0,0.239154994349395,0.7156171958989678,0.4827069159526127
1570180005536151.0,0.23893073570830686,0.7154725227047345,0.4828873353979879
1570180005553104.0,0.23870369734829297,0.7153287785057981,0.4830953877537314
1570180005575603.0,0.23845535848523755,0.7151757044792941,0.48334321530012464
1570180005595989.0,0.2381979589750617,0.7150242058814102,0.4836141952441451
1570180005612944.0,0.23791967676660752,0.7148605251711537,0.48388361744200614
1570180005634995.0,0.23764657793523192,0.7146959696140952,0.48415412484478815
1570180005656829.0,0.23737591738261893,0.7145193710131216,0.4844415154925842
1570180005672782.0,0.23711636368814404,0.7143411694701945,0.4847467522439026
1570180005695723.0,0.23685036406221405,0.7141504154708543,0.48506544528262585
1570180005716738.0,0.23659595781799664,0.7139576066264586,0.48538960837560535
1570180005732622.0,0.2363429959582667,0.7137475313233134,0.4857147654362203
1570180005755562.0,0.23609597865985216,0.7135238447923304,0.4860383846432663
1570180005776538.0,0.23583684591317403,0.7132716083729264,0.48636625607972805
1570180005792463.0,0.23558273980592828,0.7130079254810092,0.4867013982482014
1570180005815402.0,0.23532251721587652,0.7127314140462387,0.4870504749979535
1570180005844891.0,0.23506605044060108,0.7124571255578247,0.48740898852819997
1570180005852877.0,0.23479999778887273,0.7121730979213563,0.4877703388317959
1570180005874814.0,0.23453741353972032,0.7118915977960831,0.4881283958855627
1570180005897753.0,0.23426464181512063,0.7116057177927476,0.4884820805059783
1570180005912919.0,0.23400032189980532,0.7113294100587625,0.4888271180788455
1570180005935653.0,0.2337453942168379,0.7110644630977397,0.48916401905605145
1570180005957593.0,0.2335154312510575,0.7108199709091175,0.48949717023911266
1570180005972554.0,0.23327632878400303,0.7105695781977719,0.48983642403928673
1570180005995492.0,0.23302837767906287,0.7103153990787486,0.4901750547402594
1570180006017477.0,0.23276742876672593,0.7100558916668795,0.49050834688069633
1570180006032392.0,0.23251105851339274,0.7098076512444141,0.490840081174742
1570180006061320.0,0.23224678415912012,0.7095595526134904,0.49117920087943534
1570180006078271.0,0.2319946258538659,0.709315693791016,0.49151647929390874
1570180006092231.0,0.2317418720196344,0.7090636485695487,0.49185213042256576
1570180006115676.0,0.23150039186442806,0.7088162681720336,0.4921855740605284
1570180006145282.0,0.23125742933233237,0.7085692915430141,0.49250810554633184
1570180006152078.0,0.23102360479929537,0.7083390947837981,0.4928079351946095
1570180006175010.0,0.23079450102421392,0.7081236139558464,0.49308884364957456
1570180006197950.0,0.2305929629793733,0.7079248693367842,0.49335409507017824
1570180006211912.0,0.2304047113143899,0.7077270761124564,0.493606526227967
1570180006234944.0,0.230233040991565,0.7075423646328839,0.493843924089143
1570180006258155.0,0.23005231088157513,0.7073655096898356,0.49406863367080367
1570180006271753.0,0.22987211730932383,0.7072073759789471,0.4942788402904278
1570180006294694.0,0.2296851180658781,0.7070589603033828,0.4944812063503878
1570180006317744.0,0.22950765732796707,0.7069238332798146,0.49467795265900544
1570180006338576.0,0.22932428670389962,0.7067837747059061,0.4948707078369566
1570180006355531.0,0.22914907340025084,0.7066441874552656,0.4950579194815689
1570180006377471.0,0.22897669453844707,0.7064986518177304,0.4952498676915634
1570180006398418.0,0.22882481375674,0.7063595343422087,0.4954391226031168
1570180006422350.0,0.22867576810813933,0.706228034809212,0.4956130153909919
1570180006437829.0,0.22854003546543766,0.7061130500250077,0.4957634079940252
1570180006459259.0,0.22840703723806247,0.7059971471268633,0.49589857569381557
1570180006475337.0,0.22829234617404434,0.7058848325623759,0.49602288842074305
1570180006498148.0,0.22817793978493234,0.7057676275010866,0.49614574299771724
1570180006519090.0,0.22807140795581113,0.7056498144725843,0.49627406594839657
1570180006535172.0,0.22795953930050145,0.7055236878635235,0.49641013676439744
1570180006557986.0,0.22785321279875118,0.7054049440090953,0.49654358184744324
1570180006578992.0,0.227734658881001,0.7052909237773429,0.49667487269364874
1570180006595500.0,0.2276147779130398,0.7051844157819266,0.49680581241339816
1570180006618063.0,0.22748219581261858,0.7050706743544911,0.49694435436422896
1570180006638770.0,0.22735714958641526,0.704958438194666,0.4970847780728389
1570180006655726.0,0.22723350081286123,0.7048401860194471,0.4972310798309614
1570180006677668.0,0.22712396711598487,0.7047161942733858,0.4973900316799268
1570180006700678.0,0.22701058722434297,0.7045779212844729,0.49756177683810665
1570180006714568.0,0.226902905844236,0.7044399337264718,0.49773103188073575
1570180006737523.0,0.22678505360608034,0.7042997484004236,0.49790121471429477
1570180006758527.0,0.22667376523606575,0.7041628955398603,0.49807565403054094
1570180006775405.0,0.22656034826346383,0.7040209149551859,0.49825008437613455
1570180006797350.0,0.226456785225112,0.7038831278202304,0.498414583781417
1570180006820286.0,0.22634865753334524,0.703744043782674,0.49857104977347666
1570180006835390.0,0.22625148886473162,0.7036103834237609,0.49871188417860063
1570180006858185.0,0.22615008762030459,0.703476341641565,0.49884649357817146
1570180006880216.0,0.22605668115129882,0.7033446225591768,0.4989851972534241
1570180006895131.0,0.22595807832932524,0.7032077905276277,0.4991348559897251
1570180006918024.0,0.2258674813179046,0.7030756349363113,0.49929589173819433
1570180006940122.0,0.22576857449038307,0.7029388235321777,0.49946104915144757
1570180006954989.0,0.225668030460597,0.702803235025898,0.4996057321547939
1570180006977863.0,0.22555081850549888,0.7026679215159825,0.49973786219818767
1570180006999805.0,0.2254424534639814,0.7025403836395573,0.4998640998955153
1570180007014765.0,0.22534063836401363,0.7024130710005374,0.49997996377193643
1570180007037721.0,0.22526029336840073,0.7022924935282291,0.5000751306771587
1570180007060643.0,0.22517921054553,0.7021746714983664,0.5001625373733652
1570180007074606.0,0.2251000206716749,0.7020698314837983,0.5002514378747799
1570180007097834.0,0.2250038665810958,0.7019731201636091,0.5003454263723754
1570180007120484.0,0.22490500728493865,0.7018884349131188,0.5004383624927083
1570180007134448.0,0.22479660511741595,0.7018102082627892,0.5005337027312587
1570180007157384.0,0.2246994006908039,0.701737909300415,0.5006247905780253
1570180007180323.0,0.2246006237887425,0.7016605015422919,0.5007168291070957
1570180007194285.0,0.2245171610651049,0.7015851284730527,0.5008145846802639
1570180007217229.0,0.2244333918777932,0.7015051789498502,0.5009228132719932
1570180007240271.0,0.22435611288845447,0.7014271544451933,0.5010277778024718
1570180007261109.0,0.22426987968073014,0.7013527897229991,0.5011261931173588
1570180007278063.0,0.22419365663264978,0.7012887671241005,0.5012107958676233
1570180007300006.0,0.22411248856151364,0.7012264050527162,0.5012822847678308
1570180007321011.0,0.22403984940202662,0.7011694531091974,0.5013411522216353
1570180007337901.0,0.22396428069917282,0.7011113717544958,0.5014043789679161
1570180007360001.0,0.22389829074790235,0.7010494683217038,0.5014794024970968
1570180007380787.0,0.22382448230784224,0.7009779909946793,0.5015720980522127
1570180007397742.0,0.22375861370487002,0.7009041188721632,0.5016646769166624
1570180007420681.0,0.22368598648856206,0.7008241486007856,0.5017461571821423
1570180007442620.0,0.22362162840819128,0.7007498243835822,0.5018158537732894
1570180007457584.0,0.2235517725043644,0.7006809388153254,0.5018841824851503
1570180007480519.0,0.22349061081566304,0.7006198572982425,0.5019426457804695
1570180007501582.0,0.22341795039251125,0.700565244925294,0.5020015860276291
1570180007517470.0,0.2233442501578128,0.7005216948108287,0.5020656247828517
1570180007540630.0,0.2232596891046337,0.7004809063667102,0.5021374746631937
1570180007561304.0,0.22318452324085206,0.7004439751265172,0.5022073692485257
1570180007577634.0,0.22310266869572074,0.7004038547484153,0.5022824490092701
1570180007600201.0,0.22302956717466255,0.7003589950825725,0.5023617840177969
1570180007621149.0,0.22295186294664684,0.7003055320881204,0.502444653104508
1570180007638100.0,0.2228916956029989,0.7002517121321109,0.5025191760013609
1570180007660041.0,0.2228387133667284,0.7002015802987474,0.5025895325964322
1570180007681313.0,0.22280050186978187,0.7001582222394944,0.5026542614145965
1570180007698143.0,0.22275204689230899,0.7001178281151519,0.5027212401663692
1570180007720765.0,0.2227087383493468,0.7000871157730665,0.5027833331945861
1570180007749845.0,0.22265730888029356,0.7000654937471149,0.5028428788581448
1570180007757783.0,0.22261581485315887,0.7000546153311914,0.5028913474538654
1570180007786708.0,0.22256700027140938,0.7000489879150333,0.5029415767588307
1570180007808647.0,0.2225240230730855,0.7000437394218892,0.5029968838395403
1570180007817693.0,0.22246981155530238,0.7000347569764074,0.5030552452731735
1570180007840557.0,0.2224177493268907,0.7000249722339791,0.503101929896156
1570180007862791.0,0.2223480690219642,0.7000140257904794,0.5031438250421024
1570180007877459.0,0.22228975591490177,0.6999995704640898,0.5031725846699013
1570180007900397.0,0.22224177376127682,0.6999759040344665,0.5031968613973248
1570180007923018.0,0.2222188214384285,0.6999430405519133,0.5032248241879652
1570180007937303.0,0.2221928311115796,0.6999043830402712,0.5032648605538397
1570180007960300.0,0.222172855931309,0.6998709313421604,0.5032910363832949
1570180007983177.0,0.22212948469575797,0.6998524015352346,0.5033074576135816
1570180007997139.0,0.22207292993918656,0.6998434362772078,0.5033174519574805
1570180008020082.0,0.22199673117749202,0.699837034719322,0.5033280075194305
1570180008043015.0,0.22193220295944935,0.6998287533045008,0.5033338899556158
1570180008056978.0,0.22186338808098932,0.6998170276991056,0.5033423282095528
1570180008087959.0,0.2218067302862586,0.6997991344018701,0.5033410143560606
1570180008109836.0,0.22174583992907096,0.6997818623342528,0.5033406466752801
1570180008117267.0,0.2217040899280791,0.6997709305683786,0.5033325589889699
1570180008140754.0,0.2216637708070896,0.6997696070272005,0.5033108501675285
1570180008162781.0,0.221638036253024,0.6997689126567472,0.503265397772009
1570180008177058.0,0.2215980216062556,0.6997700490350912,0.5032201945441166
1570180008200596.0,0.2215612498679681,0.6997689540789545,0.5031722904399086
1570180008222535.0,0.22150806748545948,0.6997677754797562,0.5031260555214897
1570180008243485.0,0.22145461604650513,0.6997566048431748,0.5030742132694427
1570180008260435.0,0.2213779257216591,0.6997399941783927,0.5030332738961139
1570180008282380.0,0.22130429592775908,0.6997193667583488,0.5029945114632599
1570180008304317.0,0.22122113635417343,0.6997077344282386,0.5029655264798195
1570180008320275.0,0.2211511746274481,0.6996966918551979,0.5029421829613159
1570180008343214.0,0.22106505046370417,0.6996914076425254,0.5029474611324026
1570180008364233.0,0.22098351243551018,0.699681587828692,0.5029645861211455
1570180008380115.0,0.22089433689044075,0.6996772376432775,0.5029908384826315
1570180008403111.0,0.22082536257220642,0.6996698778498106,0.5030148947005099
1570180008424002.0,0.2207476532505491,0.6996717440760359,0.5030483431678119
1570180008440078.0,0.22068741333723188,0.69966537693168,0.5030750250648114
1570180008462896.0,0.22062105506269244,0.6996581075027707,0.5031178460333551
1570180008483839.0,0.22056220869402499,0.6996388838375192,0.5031612071671112
1570180008501103.0,0.2204803179884787,0.699631776895827,0.5032050068326723
1570180008522736.0,0.2204120930689328,0.6996225382132455,0.5032280740575209
1570180008543698.0,0.22033813200005814,0.6996239411951929,0.5032473481685225
1570180008560634.0,0.22028514976237504,0.699616382803117,0.5032495369396448
1570180008582573.0,0.22022321384724639,0.6996249037768048,0.5032492426525937
1570180008603522.0,0.2201800223889218,0.6996237976411306,0.5032206836788813
1570180008620470.0,0.2201171543191429,0.6996345568099342,0.5031929950958794
1570180008642413.0,0.22005984839347756,0.6996287936922891,0.5031653625219297
1570180008665354.0,0.21997563491494782,0.6996310624420582,0.5031671211814893
1570180008680312.0,0.21989612514229914,0.6996092174422521,0.5031611534094425
1570180008703251.0,0.21978640068895847,0.6996030295494995,0.5031512851286255
1570180008725195.0,0.21969165536912355,0.6995761349634075,0.5031121286912855
1570180008740154.0,0.2195860311795677,0.6995682478471662,0.5030869950794283
1570180008763091.0,0.21951255880795503,0.6995252518100974,0.5030599179995887
1570180008785061.0,0.2194192543455498,0.6995008939927101,0.5030630418506132
1570180008799999.0,0.21934078632580617,0.6994518498490632,0.5030559771913816
1570180008823031.0,0.21922988654417883,0.6994454118371194,0.5030751538001356
1570180008844876.0,0.21913099962617885,0.6994095415337805,0.5030732351978477
1570180008859832.0,0.21898636234715124,0.6994253221622768,0.5030892718041757
1570180008882884.0,0.21885810563084018,0.6993992297799109,0.5030667120633447
1570180008905710.0,0.21868708094710038,0.699428807587679,0.5030506712346865
1570180008919758.0,0.21854314282205317,0.6993893473402946,0.502983937727578
1570180008943110.0,0.218357450876597,0.6994250666538755,0.5029532019106016
1570180008965724.0,0.21821202899341322,0.6993679590905914,0.5028728713473788
1570180008979513.0,0.21799571793866038,0.6994401623672063,0.5028354230230353
1570180009002498.0,0.21782546534534028,0.6993786105407923,0.5027109655025173
1570180009031416.0,0.21756340047270178,0.6995728940483079,0.5026818478770693
1570180009040123.0,0.21737712884637997,0.6995084299941955,0.5025420273418786
1570180009062290.0,0.216960137466588,0.7004746973317304,0.5027853713338198
